<?xml version="1.0" encoding="UTF-8" ?>
<OPUSDataFile><TR><Ydata ylabel="Transmittance [%]"><values byteorder="INTEL" format="FLOAT32" numvalues="1755"> 1 0.9997575 0.9995686 0.9995404 0.9997202 0.9999297 0.9998244 0.9993564 0.9990324 0.9989547
 0.9988809 0.9988495 0.9988807 0.9990387 0.9992198 0.9992154 0.9991925 0.999295 0.9993343 0.9991707
 0.9990255 0.999036 0.999034 0.9990389 0.9990838 0.9989649 0.9986822 0.9985114 0.9987649 0.9992096
 0.9995342 0.9998199 0.9999592 0.9998075 0.999589 0.9995827 0.9997659 0.9998789 0.9998448 0.9996855
 0.9993973 0.9991007 0.9991535 0.9994456 0.9996259 0.9998647 1 0.9997957 0.9998755 0.9999572
 0.9996746 0.9996577 0.999882 0.9997012 0.9993913 0.9992191 0.999291 0.9994197 0.9991357 0.9988942
 0.999105 0.9993973 0.9994112 0.999485 0.9997711 0.9998489 0.9996591 0.9993894 0.9991162 0.999047
 0.9994199 0.9998783 0.999685 0.9993178 0.999253 0.9995188 0.9997107 0.9996638 0.9995093 0.9992381
 0.9991054 0.9992057 0.9993037 0.9992332 0.9990841 0.9992002 0.9995924 0.9997181 0.9995967 0.999333
 0.9989272 0.9987823 0.9991284 0.9996087 0.9995905 0.9989996 0.9983452 0.9984402 0.9988917 0.9989749
 0.9988298 0.9988218 0.9987476 0.9986332 0.9987068 0.9987765 0.9988048 0.9988803 0.9988282 0.9986159
 0.9984711 0.9985573 0.998723 0.9987374 0.9985619 0.9983981 0.9983652 0.998318 0.9982693 0.9985011
 0.9991539 0.999487 0.999295 0.9992707 0.9993351 0.9991813 0.9990569 0.9992869 0.9998673 0.9998546
 0.9990671 0.9982977 0.9980984 0.9985088 0.9988567 0.9988158 0.9985917 0.9983811 0.9983717 0.9986368
 0.9987847 0.998471 0.9980929 0.9979954 0.9981589 0.9982726 0.9981147 0.9976219 0.9973527 0.9978111
 0.9982536 0.9981104 0.9976771 0.9971334 0.9968546 0.9968221 0.9968134 0.9966205 0.9961452 0.9960702
 0.996392 0.9962129 0.995743 0.9955065 0.9953601 0.9951434 0.9949349 0.9947974 0.9948539 0.9950311
 0.9947098 0.9938301 0.9931552 0.9927421 0.992449 0.9920673 0.9915597 0.9910678 0.9908924 0.9910313
 0.9904432 0.9891204 0.9882543 0.9880607 0.9880399 0.9872015 0.9861174 0.9855519 0.985122 0.9844639
 0.9834554 0.9822899 0.9812881 0.9804674 0.979798 0.9790637 0.9779781 0.9767005 0.9756373 0.9747534
 0.9737109 0.9723361 0.9709356 0.9696991 0.9684808 0.9670367 0.9654713 0.9640553 0.9627953 0.9614803
 0.959876 0.9582015 0.9564847 0.9546216 0.9528041 0.951147 0.9495004 0.9474793 0.9451534 0.9428549
 0.940635 0.9386451 0.9368619 0.9348063 0.9322942 0.9296842 0.9271043 0.9246306 0.9224365 0.9201183
 0.9175014 0.9147052 0.911665 0.9087231 0.9060432 0.9034218 0.9004839 0.8971084 0.8938199 0.8911171
 0.8885221 0.8853663 0.8821329 0.8792751 0.8762038 0.8726454 0.8691812 0.8660228 0.8628402 0.8594618
 0.8560497 0.8526923 0.8492849 0.8458972 0.8426671 0.8395689 0.8363478 0.8329333 0.8295642 0.8262439
 0.8226883 0.8189724 0.8154151 0.8121237 0.8088299 0.8052238 0.8014564 0.7978348 0.7942813 0.7907148
 0.7872143 0.783604 0.7801167 0.7767149 0.7730874 0.7694791 0.7659186 0.7623598 0.7589955 0.7557434
 0.7523345 0.748737 0.7451519 0.7417896 0.7385668 0.7353434 0.7320196 0.7286211 0.7253304 0.7222164
 0.7191691 0.7159496 0.712567 0.7092558 0.7060924 0.7029665 0.6997246 0.6963431 0.6931823 0.6903808
 0.6876799 0.6847886 0.681658 0.6786942 0.6759793 0.6732081 0.6704345 0.6677988 0.6651017 0.6624641
 0.660022 0.6575441 0.6550466 0.6527157 0.6505296 0.6482483 0.6458638 0.6436477 0.6417156 0.6399509
 0.6382443 0.6366084 0.6350473 0.6334422 0.6318951 0.6305893 0.629392 0.6282561 0.6272615 0.6262933
 0.6252545 0.6243087 0.6236587 0.6232439 0.6229471 0.6227729 0.6226448 0.6224772 0.6222647 0.6221055
 0.6220463 0.6220576 0.6222834 0.6227639 0.6232457 0.6236629 0.6241688 0.6247581 0.6254669 0.6264136
 0.6276018 0.6288717 0.6300749 0.6311924 0.6321698 0.6331789 0.6345924 0.6362249 0.6377594 0.6393887
 0.64121 0.6431409 0.6450076 0.6466916 0.6485617 0.6508664 0.6532055 0.6554092 0.6577994 0.6603536
 0.6628824 0.6655355 0.6683538 0.6710856 0.6737294 0.6766044 0.6798255 0.6831477 0.686419 0.6896224
 0.6927198 0.6958373 0.6991444 0.7025356 0.7058797 0.7092398 0.7127286 0.7164234 0.7201482 0.7237718
 0.7274308 0.7311305 0.7347593 0.7383089 0.7418723 0.7456524 0.7496815 0.7537042 0.7575923 0.7613389
 0.7649665 0.768587 0.7721885 0.7758086 0.7795073 0.783137 0.786815 0.7906569 0.7944171 0.7979295
 0.8012403 0.8046212 0.8082074 0.8116968 0.8148857 0.8179888 0.8211932 0.8244882 0.8278614 0.8312017
 0.8343604 0.8374114 0.8404382 0.843372 0.8461934 0.8490025 0.8519362 0.8548827 0.8576505 0.8603244
 0.8629866 0.8655066 0.8678899 0.870385 0.8729398 0.875267 0.8773977 0.8795114 0.881739 0.88408
 0.8863384 0.8883851 0.8903039 0.8921624 0.893985 0.8958625 0.8977857 0.8997953 0.9017902 0.9035028
 0.9050663 0.9067683 0.9084647 0.9098914 0.911258 0.9127215 0.9140678 0.9153137 0.9166986 0.9180467
 0.919252 0.9204895 0.9215984 0.9226831 0.9238881 0.924925 0.9258056 0.9268227 0.9278693 0.9287948
 0.9297624 0.9306375 0.931244 0.9317585 0.9322981 0.9327618 0.9330904 0.9334038 0.9338767 0.9344455
 0.9348319 0.9349968 0.9350281 0.9348555 0.9344912 0.9340837 0.9336846 0.9331331 0.9320378 0.9303634
 0.928336 0.9258057 0.9226121 0.918642 0.9136 0.9072149 0.8995865 0.8910015 0.8814354 0.8707443
 0.8591934 0.84731 0.8354484 0.823842 0.8125871 0.8015649 0.7905321 0.7794322 0.7684013 0.7575274
 0.7472143 0.7383471 0.7316921 0.727412 0.7252741 0.7248551 0.7257193 0.7276035 0.7301598 0.7329708
 0.7361233 0.7401488 0.7450396 0.7503369 0.7558377 0.7613528 0.7665904 0.7712903 0.775385 0.7789454
 0.781894 0.7840348 0.7850689 0.7847906 0.7831171 0.7799443 0.7751357 0.768591 0.7606385 0.751968
 0.7431476 0.7346873 0.7272985 0.7215308 0.7174904 0.7151806 0.7147124 0.7160222 0.7188274 0.7230572
 0.7286554 0.7352701 0.7425572 0.7501724 0.7577785 0.7652894 0.7725765 0.7795935 0.7868417 0.7945473
 0.8023258 0.8100783 0.8178551 0.8253515 0.8322107 0.8384176 0.8439992 0.8488892 0.853475 0.8580584
 0.8624328 0.866513 0.8704641 0.8743643 0.878014 0.8813978 0.8846788 0.8876633 0.8903382 0.8930852
 0.8958855 0.8985159 0.9010527 0.9035781 0.905959 0.9081523 0.9103309 0.9125206 0.9146248 0.9165462
 0.918302 0.919969 0.9214602 0.9227904 0.9241329 0.9254103 0.9263321 0.9269769 0.9276595 0.9284216
 0.9291147 0.9296502 0.930112 0.9306458 0.9311963 0.931577 0.9318544 0.9322962 0.9328619 0.9332477
 0.9336109 0.934262 0.9350392 0.9357925 0.9364912 0.937052 0.9374866 0.937941 0.9385309 0.9392145
 0.9399973 0.9409217 0.9419016 0.9428114 0.9437588 0.9449356 0.9462464 0.9475201 0.9486336 0.9495646
 0.9504593 0.9513122 0.9518657 0.9521936 0.9528202 0.9537571 0.9545042 0.9549779 0.9555476 0.9564561
 0.9573458 0.9577314 0.9578449 0.9581867 0.9588183 0.9595194 0.9599851 0.9600255 0.9599873 0.9603299
 0.9608709 0.9612387 0.9614308 0.9616289 0.9618946 0.9621814 0.9624948 0.9628214 0.9630952 0.9633315
 0.9636634 0.9641041 0.9645577 0.965049 0.9654998 0.965667 0.9656757 0.9660079 0.9666213 0.9671565
 0.9677058 0.9682376 0.9684466 0.9684102 0.9685421 0.9690409 0.9695656 0.9697331 0.9697511 0.9700337
 0.9704459 0.9707879 0.9712705 0.9718971 0.972357 0.9725125 0.9725794 0.9728216 0.9732145 0.9736438
 0.9742413 0.9749327 0.9754634 0.9758765 0.9759824 0.9758269 0.9758834 0.975989 0.9759471 0.9759801
 0.9760225 0.976011 0.9760278 0.9760446 0.9761736 0.9763694 0.9763651 0.9762475 0.9763188 0.976577
 0.9767612 0.9767445 0.9766414 0.9766643 0.9768198 0.9768625 0.9767976 0.9768901 0.9771454 0.9774066
 0.9776078 0.977757 0.9778247 0.9777732 0.9777439 0.9776627 0.9773851 0.9773346 0.9778435 0.9784787
 0.9787995 0.9790156 0.979368 0.9796094 0.9796632 0.979802 0.9802032 0.9809079 0.9814845 0.9816333
 0.9816163 0.9816266 0.9818318 0.9821571 0.9824005 0.9827022 0.9829866 0.9829348 0.982809 0.9829512
 0.9831655 0.9833645 0.9837633 0.9842748 0.98454 0.984701 0.984939 0.9851927 0.9855331 0.9857032
 0.9855411 0.9854205 0.9855585 0.9858825 0.9862656 0.9864393 0.9863448 0.9863067 0.9863581 0.9861677
 0.9859226 0.9860994 0.9864165 0.9864064 0.9863793 0.9866135 0.9867364 0.9868263 0.9872392 0.9875253
 0.9873376 0.9869938 0.9868044 0.9869386 0.9873461 0.9877272 0.9879304 0.9880545 0.9881538 0.9882742
 0.9884204 0.9883507 0.988164 0.9884552 0.9891973 0.9897543 0.9897968 0.9893019 0.9888988 0.9892982
 0.989787 0.989355 0.9885713 0.9883078 0.9884391 0.9887696 0.9891707 0.9891857 0.988925 0.9889793
 0.989383 0.9897836 0.9899476 0.9899545 0.9899281 0.9899099 0.9900523 0.9901857 0.9900887 0.9900212
 0.9902573 0.9906255 0.990619 0.9901749 0.9898177 0.9897681 0.9897533 0.9897867 0.9899774 0.9900203
 0.9898436 0.9899662 0.9904588 0.9907422 0.9908415 0.9910408 0.9911541 0.9911467 0.9911402 0.9908763
 0.9906051 0.9909701 0.9914691 0.9918852 0.9923875 0.9923509 0.9919623 0.9920143 0.9924605 0.9928101
 0.9930838 0.9933418 0.9932168 0.9927893 0.992393 0.9921516 0.9923238 0.9931019 0.9936525 0.9930909
 0.9924811 0.992826 0.9933312 0.9932793 0.9931481 0.993493 0.9940631 0.9944728 0.9941688 0.9932967
 0.9930505 0.9937676 0.994393 0.994055 0.9934705 0.9932252 0.9932406 0.9938224 0.994804 0.9953483
 0.9950866 0.9951484 0.9958168 0.995807 0.9952568 0.9948308 0.9947091 0.9952378 0.9960812 0.9966422
 0.9967591 0.9968396 0.9979168 0.9994349 0.9995033 0.9988143 0.999165 0.9997181 0.9987916 0.9971862
 0.9963093 0.9955394 0.9947486 0.9945597 0.9947189 0.994608 0.9941063 0.9935716 0.9931921 0.9933234
 0.9940279 0.9945222 0.9942457 0.9935159 0.9929969 0.9931355 0.9937558 0.9941261 0.9942369 0.9947408
 0.9950731 0.9946906 0.9942915 0.993924 0.9935687 0.9938399 0.9942994 0.9942828 0.9941995 0.9942312
 0.9941885 0.9940017 0.993697 0.9939902 0.9954441 0.9966854 0.9962113 0.9952157 0.9949481 0.9950142
 0.9949893 0.9944242 0.993708 0.9937267 0.9944133 0.9951807 0.9951785 0.9943702 0.9937384 0.9937336
 0.9940658 0.9943814 0.9942823 0.9939203 0.9946258 0.995977 0.9964918 0.9970253 0.9975355 0.9972184
 0.9973146 0.997767 0.9976352 0.9974396 0.9974638 0.9981317 0.9988154 0.9979575 0.9966035 0.9964488
 0.9973865 0.9980555 0.9976844 0.9970832 0.9966515 0.9964125 0.9968258 0.99738 0.9980334 0.9990215
 0.9988021 0.9971611 0.9958902 0.9959931 0.9968038 0.9973395 0.9975172 0.9974784 0.9978949 0.99904
 0.9997001 0.9995739 0.9994919 0.9992965 0.998553 0.9981331 0.9986824 0.9990975 0.9985898 0.9974723
 0.9963148 0.9957559 0.9956491 0.9956654 0.9956599 0.9956018 0.9957473 0.9959528 0.9960995 0.996521
 0.9967387 0.9961908 0.9958162 0.9959247 0.9961859 0.9965614 0.996676 0.9967108 0.9969826 0.9972285
 0.9974416 0.9976766 0.9977278 0.9976543 0.9976798 0.997976 0.9983684 0.9984642 0.998288 0.9981679
 0.9979911 0.9975919 0.9973884 0.9976516 0.9980443 0.9981375 0.998248 0.9987215 0.9985913 0.997828
 0.997574 0.9978216 0.9981377 0.9983401 0.9983292 0.9983087 0.9984005 0.9983623 0.9982961 0.9984139
 0.9984684 0.998498 0.998456 0.9982214 0.9980922 0.998091 0.9980489 0.9981627 0.9984999 0.9985678
 0.9984095 0.9985275 0.9988295 0.9989633 0.9989403 0.9990978 0.9994665 0.9996852 0.9996164 0.9994373
 0.9993826 0.9994736 0.9994844 0.9993544 0.9992427 0.9991832 0.9991849 0.9992959 0.9994217 0.9995456
 0.9996827 0.9997433 0.9996958 0.9994876 0.9992517 0.9991864 0.9991307 0.9991299 0.9992952 0.9993599
 0.9990532 0.9987712 0.9987205 0.9987571 0.9988641 0.9989112 0.9988246 0.9988297 0.9988872 0.9989399
 0.9990516 0.9990697 0.9991593 0.9993852 0.9993243 0.9992234 0.999319 0.9995646 0.9996772 0.9996101
 0.9995375 0.9994212 0.998943 0.9982675 0.9975632 0.997093 0.9969839 0.9968361 0.9965895 0.99656
 0.996444 0.9958424 0.9951313 0.9947923 0.9946198 0.9943627 0.9941747 0.9938236 0.992905 0.9921364
 0.9916248 0.9912285 0.9907355 0.9903036 0.9901282 0.9898253 0.9895349 0.9895248 0.9896265 0.989742
 0.9899662 0.9902962 0.9908159 0.9912273 0.9914976 0.992021 0.9924701 0.9926831 0.9929198 0.9932321
 0.9937299 0.9944624 0.9949459 0.995327 0.9958264 0.9963332 0.9969019 0.9974472 0.9977813 0.9981679
 0.9985984 0.9986559 0.9986531 0.9988562 0.9991632 0.9993249 0.999381 0.9994919 0.999589 0.9996808
 0.9998082 0.9999177 0.999962 0.9999867 1 0.9999666 0.9998356 0.9996719 0.9995574 0.9997395
 1.000003 0.9997968 0.9997553 0.9998492 0.9995277 0.9991156 0.9989649 0.9991487 0.9996725 0.999409
 0.9986533 0.9981496 0.997767 0.9974791 0.9973891 0.9975446 0.9977806 0.9980223 0.9972619 0.9963483
 0.9958679 0.9951652 0.9943767 0.9938462 0.99308 0.9922301 0.9916968 0.9908227 0.9897586 0.9883764
 0.9867364 0.9853649 0.9844202 0.9832439 0.980024 0.9768365 0.9747124 0.9721045 0.9677316 0.9610828
 0.954339 0.9472165 0.9358655 0.9215823 0.909247 0.898469 0.8881438 0.8795706 0.8739382 0.8704743
 0.8689975 0.8697608 0.8722667 0.8757843 0.8798039 0.8824848 0.8832272 0.8824838 0.8787354 0.8735616
 0.8697067 0.865891 0.861019 0.8549694 0.8490416 0.8436881 0.8393307 0.8366536 0.8349923 0.8337283
 0.8320227 0.8285064 0.8232842 0.8180509 0.8134389 0.8105822 0.810504 0.8128404 0.8161006 0.8198169
 0.8242801 0.8291624 0.8339443 0.8387493 0.8436472 0.8480489 0.8520652 0.8553225 0.857034 0.8571665
 0.8561009 0.8539582 0.8505372 0.8468514 0.8438327 0.8410438 0.8381987 0.8355712 0.8335302 0.8325708
 0.8332087 0.8352976 0.8381772 0.8411402 0.8435822 0.8445199 0.8441191 0.8433275 0.8428239 0.8432519
 0.8449083 0.8475439 0.8507342 0.854094 0.8572979 0.8604258 0.8634363 0.8660946 0.8685464 0.8708325
 0.8729899 0.8751894 0.8775124 0.879773 0.8817436 0.8835732 0.8856398 0.8881975 0.891197 0.8943898
 0.8976267 0.900822 0.903703 0.9060288 0.9076429 0.9084345 0.9085464 0.9084287 0.9085878 0.9094668
 0.9114996 0.9148691 0.9194676 0.9249316 0.9308016 0.9366655 0.942035 0.9465291 0.9501132 0.9529424
 0.9549624 0.9562342 0.9570549 0.9574208 0.9572537 0.956674 0.9559087 0.9550632 0.9539174 0.9524152
 0.9507029 0.9486821 0.9462911 0.9437371 0.9413199 0.9393344 0.9379666 0.9372652 0.9373187 0.9381368
 0.939534 0.941179 0.9427439 0.9441454 0.9453539 0.9462668 0.9468867 0.9473018 0.9475271 0.9474593
 0.9469867 0.9460437 0.9445855 0.9428476 0.941227 0.939671 0.9380134 0.9367108 0.9361464 0.9360321
 0.9363484 0.9376286 0.9400963 0.9433571 0.9472364 0.9519228 0.9572548 0.9629318 0.9688359 0.974867
 0.980622 0.9855778 0.9896914 0.9931732 0.9958664 0.9977258 0.9990801 0.9997876 0.9996005 0.9984524
 0.9965615 0.9940785 0.9909217 0.9867176 0.980939 0.9730145 0.9624638 0.9492843 0.9339935 0.9176412
 0.9015098 0.8865871 0.8737602 0.8635927 0.8560006 0.850561 0.8465706 0.8429688 0.8387957 0.8337784
 0.8278252 0.8207465 0.813145 0.8061194 0.8001033 0.7947844 0.7892264 0.7818272 0.7708549 0.7546844
 0.732388 0.704462 0.6721874 0.6372145 0.6011808 0.564778 0.5279995 0.4912251 0.4552924 0.4215383
 0.3918622 0.3681189 0.3517072 0.3432637 0.3425615 0.3483963 0.3588051 0.3718284 0.3856051 0.3976762
 0.4055102 0.4078573 0.4058281 0.4026259 0.401985 0.4073095 0.4212617 0.4451374 0.4782599 0.5183378
 0.562595 0.6085438 0.6542425 0.6983126 0.7394068 0.7761014 0.8072519 0.8320107 0.8495458 0.8589804
 0.8598303 0.8517432 0.8344424 0.808106 0.7741545 0.7361315 0.6991654 0.6691867 0.6515882 0.6497079
 0.6640692 0.6923851 0.7304247 0.7726235 0.8131718 0.8481727 0.8761179 0.8968124 0.9107941 0.9192672
 0.9238113 0.9252312 0.9232376 0.9167534 0.9039512 0.8836514 0.8569741 0.8275222 0.8004866 0.7808554
 0.7714058 0.7717636 0.7783626 0.7856359 0.788359 0.783423 0.7707623 0.7537189 0.7373787 0.7264718
 0.7245515 0.7334548 0.753223 0.7817283 0.8151295 0.8495249 0.8818899 0.9100573 0.9330324 0.9513726
 0.9657264 0.9761826 0.9833943 0.9887074 0.9928941 0.9960259 0.9981347 0.998815 0.9976331 0.9947995
 0.9908915 0.9863581 0.9815513 0.9769605 0.9734462 0.9724252 0.9748653 0.9802479 0.9867237 0.9926458
 0.9973093 0.999877 0.999947 0.9987443 0.9977633 0.997456 0.9978978 0.99875 0.9994786 0.9998756
 0.999963 0.9992485 0.9976631 0.9953442 0.9920599 0.9879446 0.9835866 0.9787679 0.9734647 0.968643
 0.9649163 0.9618708 0.9592509 0.9570254 0.9547451 0.9516891 0.9474465 0.9427262 0.9383168 0.9337237
 0.9285197 0.922889 0.9168412 0.9108235 0.905706 0.901382 0.8970175 0.8935565 0.8923161 0.8926921
 0.8942157 0.8968858 0.8997492 0.9016607 0.9024264 0.9022613 0.9012166 0.8994626 0.8976049 0.8963894
 0.8957465 0.8946133 0.892413 0.8898291 0.8872786 0.8846223 0.8819553 0.8790317 0.8758779 0.8729461
 0.8699366 0.8665913 0.8631496 0.8597164 0.8562862 0.8530684 0.8499936 0.8467512 0.8436642 0.8407009
 0.8371635 0.8332714 0.8296859 0.8260736 0.8223252 0.8191757 0.8165191 0.8135855 0.8103901 0.8071799
 0.8040987 0.8012159 0.7983885 0.7958015 0.7931451 0.7898149 0.7864319 0.783613 0.7809893 0.7785014
 0.7764024 0.775027 0.773592 0.7706985 0.7682707 0.7663794 0.7638849 0.7609844 0.7580131 0.7553719
 0.7539742 0.7536928 0.7530047 0.7510707 0.7489863 0.747878 0.7470579 0.7458963 0.7448589 0.7441831
 0.7433527 0.7421197 0.7411249 0.7407506 0.740312 0.7397133 0.739705 0.7401835 0.7411375 0.7427338
 0.7443775 0.7456422 0.7467168 0.747659 0.7484466 0.749326 0.7505467 0.752021 0.753533 0.7549429
 0.7559528 0.7571101 0.7584317 0.7592877 0.760822 0.7634956 0.7662954 0.7686898 0.7703781 0.7723542
 0.7753264 0.7781107 0.7805836 0.7835835 0.7872181 0.7907504 0.7930822 0.7946774 0.7966341 0.7993668
 0.8022102 0.8035429 0.8039187 0.8046867 0.8043352 0.8001803 0.7914327 0.7793325 0.7650567 0.7492808
 0.7342416 0.723944 0.7215207 0.7276603 0.7406642 0.7571449 0.7734954 0.7874001 0.7983521 0.8077802
 0.8168578 0.8252563 0.8322622 0.8385777 0.8451129 0.8520344 0.8584739 0.8627932 0.8652725 0.8682777
 0.8721085 0.8750535 0.8775109 0.8800768 0.8826362 0.8867933 0.8936337 0.9030536 0.914313 0.9237326
 0.9301903 0.9356911 0.9412267 0.9461349 0.9485598 0.948953 0.9503517 0.9527143 0.9537858 0.9538237
 0.9527467 0.9496788 0.9470773 0.9453576 0.9424351 0.9400362 0.9397844 0.9397031 0.9405456 0.9433178
 0.9464673 0.9493837 0.950779 0.9528244 0.9601511 0.9685652 0.9727752 0.974579 0.9769615 0.9786431
 0.9797932 0.9842415 0.9896125 0.9946572 1</values></Ydata></TR><ScSm><Ydata ylabel="Single channel"><values byteorder="INTEL" format="FLOAT32" numvalues="1755"> 0.9987537 0.9939909 0.9911513 0.990355 0.9930868 0.9986609 1 0.9970712 0.9959523 0.9954452
 0.9894734 0.9818375 0.9810231 0.984888 0.9902758 0.995618 0.9922357 0.9804972 0.9766093 0.9814865
 0.9847838 0.9827781 0.9663613 0.9371989 0.9248483 0.9332231 0.9267888 0.9247832 0.9554063 0.9815792
 0.9711185 0.9253045 0.8895153 0.9051856 0.9273018 0.9126278 0.9016992 0.9045221 0.8835806 0.8678841
 0.9052902 0.9637193 0.9900225 0.9738805 0.8963984 0.7752326 0.6962397 0.6951624 0.7586122 0.8570524
 0.8964853 0.844052 0.8177516 0.8366141 0.8030127 0.7701921 0.7745469 0.779324 0.8297225 0.8579864
 0.8047864 0.7339389 0.6889938 0.7103458 0.7382582 0.7334843 0.7728826 0.8334345 0.807862 0.6580119
 0.5146887 0.5614126 0.7456821 0.8697689 0.8633134 0.787702 0.7047433 0.6319106 0.615503 0.6717356
 0.7351349 0.7821283 0.8164988 0.8189541 0.7914926 0.7078388 0.6279373 0.6418767 0.6734504 0.7299836
 0.8390896 0.878716 0.8042536 0.7310233 0.7053436 0.6526933 0.6405085 0.705065 0.76493 0.8305775
 0.8896949 0.9048524 0.8884654 0.8563995 0.8373117 0.8207516 0.7894909 0.8023137 0.8543877 0.860404
 0.7968897 0.7357829 0.730698 0.7523967 0.7749095 0.7550701 0.7015719 0.6880831 0.672225 0.5780921
 0.4761315 0.471258 0.4938501 0.4730823 0.5110631 0.6022456 0.6018209 0.5131618 0.4615537 0.5070291
 0.6044846 0.6609601 0.6469924 0.6257432 0.6344476 0.666315 0.7080169 0.7188264 0.6548262 0.558826
 0.5467163 0.6293152 0.7064949 0.7077005 0.677024 0.6942387 0.7329494 0.7374002 0.6910523 0.5965762
 0.5229569 0.5581255 0.6646571 0.7300342 0.7162426 0.6439385 0.5319163 0.4653701 0.494935 0.5169254
 0.5413522 0.641282 0.7342532 0.762631 0.7539451 0.7105651 0.6531411 0.6340135 0.5900498 0.4782438
 0.4262983 0.5084221 0.6349818 0.7056859 0.7229303 0.7232394 0.7083884 0.6765205 0.6150103 0.5200393
 0.4952469 0.5890093 0.6677988 0.6430842 0.5743086 0.5579899 0.5809562 0.5841271 0.5809892 0.5799381
 0.5972463 0.650128 0.6840517 0.672008 0.6561355 0.6466556 0.6374259 0.648135 0.649621 0.5990441
 0.5676449 0.6195558 0.6860412 0.7097615 0.7113441 0.7124139 0.715784 0.7139459 0.6744864 0.5924925
 0.5516096 0.5990155 0.6632762 0.6947092 0.7117446 0.7173337 0.7015892 0.6859648 0.6841699 0.6685494
 0.6477133 0.6613079 0.696712 0.7151809 0.7096567 0.703888 0.7067211 0.6986333 0.6754435 0.6575549
 0.6524863 0.6570513 0.6727239 0.6889187 0.6958939 0.6966202 0.6889137 0.6725289 0.6631513 0.6638096
 0.6538875 0.6416239 0.649977 0.6629894 0.6640466 0.6634524 0.6653522 0.6615199 0.6532494 0.6488236
 0.6440101 0.6353646 0.6348603 0.6419708 0.6431646 0.6402273 0.6393935 0.6377882 0.6334426 0.6288352
 0.6239249 0.6196783 0.6194441 0.6205952 0.6200764 0.6185229 0.6145702 0.6028395 0.5884126 0.585524
 0.5903329 0.5935444 0.5960025 0.5966709 0.5948905 0.5916496 0.5882226 0.586065 0.5844544 0.5806901
 0.572634 0.5657731 0.5669072 0.5712209 0.5718208 0.5699536 0.5678539 0.5655249 0.5626593 0.5593864
 0.5567049 0.5539054 0.5497419 0.545943 0.5428697 0.5410643 0.5417461 0.5408072 0.5368118 0.5340428
 0.53371 0.5330579 0.5311404 0.5290666 0.5270959 0.5247026 0.5210485 0.5165361 0.5129317 0.5110414
 0.5100163 0.5089207 0.5070499 0.5053735 0.5049598 0.504381 0.5027584 0.5007786 0.498978 0.4972071
 0.4952145 0.4924071 0.4893298 0.4880497 0.4883703 0.4879868 0.4862685 0.4845431 0.483711 0.4834142
 0.4828766 0.4819631 0.4807398 0.4790526 0.4773026 0.4761192 0.47648 0.4781401 0.4788603 0.4782685
 0.477253 0.4764216 0.4761363 0.4755425 0.4749172 0.47536 0.4763311 0.4766872 0.4765622 0.4767356
 0.4766561 0.4756429 0.4749041 0.4761439 0.4788582 0.48081 0.4813904 0.481735 0.4824144 0.4831253
 0.4836897 0.4839974 0.4845113 0.4864223 0.4891503 0.4905618 0.4900526 0.4903302 0.4930928 0.4959978
 0.4977974 0.4996517 0.5018047 0.5034493 0.5047508 0.5068631 0.5101267 0.513108 0.5144497 0.5156832
 0.5182579 0.5206574 0.52288 0.5258291 0.5292333 0.5335777 0.5378692 0.5410213 0.5431234 0.5442616
 0.5465299 0.551282 0.5563055 0.5601259 0.5631586 0.5654366 0.568049 0.5718684 0.5748097 0.5764979
 0.5801701 0.5856133 0.5899949 0.5932785 0.5965111 0.5999389 0.6035212 0.6071685 0.6106871 0.614076
 0.6174368 0.6208733 0.62426 0.6274382 0.6304924 0.6334364 0.6363311 0.6396371 0.6434297 0.6466616
 0.647996 0.6487535 0.652207 0.6565374 0.6586169 0.6597986 0.6615267 0.664307 0.6672754 0.6696479
 0.6730385 0.6775872 0.6815866 0.6847752 0.6876702 0.6894072 0.689391 0.6903783 0.6934476 0.6962288
 0.6998097 0.705126 0.7094074 0.7118055 0.7137022 0.7151185 0.7153069 0.7159039 0.7190514 0.7236231
 0.7272167 0.7293858 0.7301499 0.7290824 0.7283205 0.7308659 0.7353286 0.7378287 0.7382224 0.739954
 0.7438006 0.7462812 0.7467727 0.7486719 0.7521555 0.7547821 0.7562494 0.7571942 0.7572238 0.7559285
 0.7541469 0.7550561 0.7594982 0.7633846 0.7654727 0.7674892 0.7692937 0.7699295 0.7692705 0.7681569
 0.7678143 0.7694843 0.7720442 0.7728827 0.7726436 0.7733513 0.7744205 0.7744195 0.7730793 0.7716196
 0.7708009 0.7691143 0.7661933 0.7628561 0.7582071 0.7516191 0.7439582 0.7355426 0.7258171 0.7147863
 0.7030277 0.6908593 0.678709 0.667627 0.6583407 0.6507182 0.6441421 0.6379169 0.6318008 0.6257766
 0.6197662 0.6141917 0.6098873 0.6071499 0.6056393 0.6049888 0.6051397 0.6060412 0.6075535 0.6097588
 0.6126902 0.6163347 0.6208069 0.6260703 0.6319183 0.6380974 0.644258 0.6500726 0.6553599 0.6599226
 0.6635816 0.6663372 0.6682422 0.6692379 0.6691318 0.6677436 0.6648697 0.6602823 0.6542927 0.6476493
 0.6409063 0.634425 0.6286438 0.6240723 0.6210161 0.6195421 0.6197165 0.6215389 0.6246477 0.6287702
 0.6339912 0.6401568 0.6468268 0.6536407 0.6604656 0.6672983 0.6740801 0.6809331 0.6882676 0.6963074
 0.7048984 0.7137315 0.7224431 0.730689 0.7382674 0.7450383 0.7509093 0.7560028 0.7606782 0.765227
 0.7696412 0.7738565 0.7779208 0.781866 0.7856212 0.7891997 0.792643 0.7958282 0.7988348 0.8018331
 0.804682 0.8073345 0.8099909 0.8128046 0.8156468 0.818244 0.8206554 0.8230764 0.825469 0.8275638
 0.8293239 0.8309984 0.8326194 0.8341321 0.8356256 0.8371276 0.8383687 0.8392437 0.8400002 0.8408019
 0.8416225 0.842318 0.8428801 0.84352 0.84426 0.8448861 0.8454109 0.846055 0.8468358 0.8474945
 0.8479604 0.8484809 0.8491686 0.8499021 0.850565 0.8510963 0.8515018 0.8520284 0.8528478 0.8537745
 0.8546159 0.8553933 0.8562102 0.8571531 0.8582371 0.8593909 0.8605855 0.8618056 0.8629137 0.8638331
 0.8646812 0.8655166 0.8661982 0.8667049 0.867328 0.8681199 0.8688183 0.8694324 0.8701209 0.8708684
 0.8715238 0.8719987 0.8723629 0.8726811 0.87294 0.8731049 0.8730586 0.8725678 0.8717722 0.8701861
 0.8668441 0.8608504 0.8522798 0.841867 0.8303267 0.8180308 0.8051388 0.7919257 0.7786401 0.7653431
 0.75213 0.7391527 0.7265002 0.7141355 0.7019635 0.6900184 0.6784627 0.6673959 0.6567522 0.6464391
 0.6364837 0.6269156 0.6176969 0.6088102 0.6002555 0.5920123 0.5840902 0.5765023 0.5692069 0.5622404
 0.5556539 0.5494369 0.5436183 0.538135 0.5328154 0.5276219 0.5225973 0.5177903 0.5133184 0.5091842
 0.5052346 0.5014214 0.4978064 0.4943194 0.4908838 0.4876376 0.4846913 0.4819076 0.4792315 0.4767179
 0.47429 0.4719215 0.469704 0.4677108 0.4659029 0.4642023 0.4625809 0.4610549 0.4596618 0.4584438
 0.4573503 0.4562625 0.455214 0.4543233 0.4535995 0.452943 0.4522965 0.4517455 0.4513485 0.450987
 0.4506239 0.4503464 0.4501386 0.4499697 0.4499037 0.4499189 0.4498995 0.4499164 0.4500948 0.4503409
 0.4505163 0.450633 0.4507511 0.450903 0.4510961 0.4513467 0.4517342 0.4523382 0.4530355 0.453683
 0.4543395 0.4550655 0.455936 0.4569134 0.4577942 0.4585626 0.4593021 0.4598592 0.4600927 0.4600218
 0.4596192 0.4588247 0.457756 0.4566591 0.4556806 0.4549661 0.4545463 0.4544008 0.4546 0.4550406
 0.4556199 0.4565025 0.4577265 0.459184 0.4608742 0.4627211 0.4646674 0.4668348 0.4692279 0.4716978
 0.4743129 0.4771242 0.4799162 0.4824542 0.4850209 0.4883704 0.4929039 0.4981788 0.5035427 0.5088089
 0.5140409 0.5193146 0.5245402 0.5294013 0.532832 0.5326412 0.5256091 0.508622 0.4806618 0.4441927
 0.4040935 0.3648522 0.3293062 0.2988867 0.2743717 0.2559482 0.2436897 0.2377453 0.2387496 0.2484956
 0.2696346 0.3064053 0.3604445 0.4069821 0.4051065 0.3644092 0.3314825 0.3199823 0.3193342 0.323355
 0.3286398 0.3324749 0.3368018 0.3461411 0.3562591 0.3577642 0.3529274 0.3526202 0.360178 0.3702919
 0.3775869 0.382444 0.3878624 0.3940926 0.3997169 0.4034962 0.4047591 0.4037275 0.4010496 0.3968393
 0.3910775 0.3838722 0.3752786 0.3654413 0.354716 0.3434365 0.3318541 0.3206477 0.3104846 0.301414
 0.2932586 0.2859065 0.2791124 0.2729822 0.2677629 0.2631493 0.2586213 0.253805 0.2488176 0.2444014
 0.2409643 0.2378878 0.2345517 0.2309654 0.2272913 0.2235624 0.2197981 0.2160458 0.2122654 0.2084388
 0.2046886 0.2011388 0.1977267 0.1944567 0.1913847 0.1884371 0.185565 0.1827735 0.1800432 0.1774082
 0.1749724 0.1727144 0.1704526 0.1680136 0.1655347 0.1631137 0.1606454 0.1581354 0.1555382 0.1527274
 0.1496452 0.1463425 0.1428261 0.1392085 0.1360689 0.1341285 0.1330704 0.1320549 0.131179 0.1304154
 0.1287575 0.1253942 0.1205639 0.1148888 0.1086057 0.1032185 0.1027229 0.108728 0.1175354 0.1254841
 0.1319605 0.1376489 0.1434033 0.1496461 0.1560994 0.1623868 0.1686061 0.1758043 0.1853294 0.19666
 0.2076519 0.2169411 0.2244166 0.230312 0.2348894 0.2382798 0.2402381 0.2404271 0.2393535 0.2379236
 0.2363626 0.234715 0.233098 0.2314054 0.2295171 0.2276911 0.2266224 0.2272442 0.2291099 0.230268
 0.2301082 0.2290419 0.2269021 0.2236824 0.2197422 0.2153156 0.2106684 0.2062019 0.2021295 0.1983509
 0.194316 0.1897516 0.1861124 0.184066 0.1819055 0.1787303 0.1746972 0.1697429 0.162484 0.1526753
 0.1438358 0.1379522 0.1333658 0.1289705 0.1251195 0.1212892 0.1172715 0.1143866 0.113115 0.1126915
 0.1126888 0.113014 0.1134853 0.1137763 0.1133327 0.1132563 0.114943 0.1169923 0.1178214 0.1183616
 0.1206148 0.1250982 0.1300416 0.1338083 0.1362945 0.1373923 0.1357997 0.132531 0.1316714 0.132853
 0.1329229 0.1309132 0.1265281 0.120426 0.1153896 0.1142467 0.1163322 0.1193188 0.1212632 0.1225611
 0.1262857 0.1322941 0.1379068 0.1437315 0.1504306 0.1568337 0.1629498 0.1687635 0.1735715 0.1766651
 0.1769743 0.1768542 0.1838536 0.1964873 0.2060768 0.2120864 0.2176926 0.2239873 0.2304636 0.2349886
 0.2346563 0.2344207 0.2370332 0.238229 0.2459837 0.2606312 0.2676894 0.267285 0.2703848 0.2791362
 0.2875063 0.2933888 0.2981816 0.2999918 0.2993037 0.3015782 0.3022929 0.2996135 0.3073302 0.321775
 0.3310693 0.3371963 0.3422763 0.3470112 0.3515151 0.3507268 0.3330773 0.3092213 0.313713 0.3447213
 0.3686334 0.3772146 0.3817517 0.3878928 0.3945743 0.3994452 0.3995463 0.3901738 0.3666554 0.3441492
 0.3603631 0.4019647 0.4235398 0.4295411 0.4340877 0.4191881 0.3919426 0.3910209 0.4067839 0.4247386
 0.454009 0.476889 0.488029 0.5014253 0.5083855 0.5007424 0.5023398 0.5232705 0.5386705 0.5273189
 0.5020052 0.4983054 0.5153956 0.5088948 0.4703205 0.4658095 0.5205965 0.5620695 0.5617613 0.5545416
 0.551136 0.5580852 0.5606041 0.5179994 0.457105 0.4542224 0.5060803 0.5628903 0.5864165 0.5643503
 0.5550899 0.5681427 0.577184 0.5787374 0.5359204 0.4811783 0.4849986 0.5256235 0.5500711 0.5453437
 0.5370884 0.5379179 0.4913715 0.4337765 0.4739195 0.5653629 0.6334345 0.6622077 0.6571089 0.6204616
 0.5222746 0.429162 0.4468886 0.543394 0.6202733 0.6284252 0.5789755 0.5335606 0.4905079 0.4138932
 0.3786435 0.4093259 0.4842097 0.5889851 0.6307815 0.5978608 0.5103734 0.4123268 0.4335576 0.5458208
 0.602708 0.5722448 0.5426887 0.5368382 0.5153971 0.54539 0.6209219 0.6300552 0.6186331 0.6596178
 0.6677375 0.5471798 0.3880551 0.3870982 0.4748768 0.4773412 0.4997178 0.6117216 0.6867824 0.6539489
 0.5438856 0.4895803 0.582037 0.6879725 0.6932606 0.6610869 0.6315075 0.6203226 0.6519273 0.6401225
 0.5860575 0.6246392 0.7132681 0.7395723 0.7319824 0.7396936 0.75126 0.7556873 0.7641372 0.7703935
 0.7626799 0.7553183 0.7601812 0.7683583 0.775557 0.7810205 0.7813454 0.7762569 0.7384546 0.6395534
 0.577503 0.6298647 0.656466 0.6176397 0.6337571 0.6776361 0.6600682 0.5283375 0.3623983 0.3599415
 0.4882427 0.5923005 0.6413196 0.6607799 0.6450458 0.5586212 0.4369937 0.352484 0.3922319 0.5246595
 0.5790914 0.5838049 0.6310105 0.6351632 0.5787461 0.5205637 0.460643 0.4450192 0.4827005 0.5320107
 0.5926474 0.6129405 0.5359708 0.4077519 0.3891295 0.538833 0.6678613 0.6547995 0.5929466 0.6019297
 0.6541381 0.6248018 0.5525457 0.5664524 0.6475089 0.6996328 0.7011678 0.678432 0.6216983 0.5339038
 0.4759842 0.520267 0.6221011 0.6471665 0.6162703 0.6279395 0.6121913 0.4956908 0.4202454 0.4978838
 0.6138198 0.651826 0.6364442 0.6415014 0.6751691 0.6924799 0.6675963 0.5913178 0.5386541 0.577472
 0.6204784 0.6197015 0.6274879 0.6310301 0.6087471 0.5693493 0.512878 0.508326 0.581731 0.644402
 0.6626864 0.6674676 0.6601815 0.6412036 0.6423866 0.6399809 0.6045632 0.5737621 0.5716168 0.6101961
 0.6554579 0.6450429 0.6206552 0.6434687 0.6759563 0.6795593 0.6662562 0.638764 0.6088939 0.6160095
 0.6467633 0.6622781 0.6619501 0.6356862 0.6094925 0.6308454 0.6695728 0.6842234 0.6863596 0.6906625
 0.6936861 0.6972471 0.7029747 0.7001078 0.6724554 0.6381025 0.6416826 0.678385 0.7080797 0.7187025
 0.7212079 0.7231114 0.7244303 0.7223554 0.7128451 0.7008645 0.6999106 0.7067779 0.7131166 0.7225904
 0.732084 0.7372442 0.7410123 0.7437074 0.7444597 0.7433422 0.7415548 0.741037 0.7403848 0.7375221
 0.7350312 0.7375679 0.7438098 0.7486681 0.7518209 0.7550537 0.7572598 0.7562777 0.7517111 0.7483755
 0.7471328 0.7448147 0.7409111 0.7368746 0.7369529 0.7434364 0.7510995 0.7556863 0.7575098 0.7576017
 0.7563554 0.7539037 0.7514864 0.7499593 0.7484701 0.7467229 0.7451978 0.7440656 0.7435165 0.7433979
 0.7432527 0.7436107 0.7451031 0.7464788 0.7470303 0.7473176 0.7468007 0.745511 0.7448689 0.7446253
 0.7434152 0.7413685 0.7390202 0.7365341 0.7343504 0.7328604 0.7317181 0.7306414 0.7295163 0.7281264
 0.7270008 0.7258029 0.7240614 0.723979 0.7267576 0.7302455 0.7337232 0.7377237 0.7412636 0.7438483
 0.7458541 0.7474303 0.7484595 0.7499865 0.7506457 0.7502946 0.7489306 0.7470006 0.7453102 0.7439474
 0.7422979 0.7399467 0.7368245 0.732587 0.7268586 0.7197125 0.7108186 0.6996458 0.6865558 0.6724524
 0.6582877 0.6450152 0.6333719 0.6236843 0.6158006 0.6093975 0.6040798 0.5992706 0.5943038 0.5889992
 0.5833243 0.5771342 0.5709932 0.5656595 0.5612838 0.5574832 0.5535656 0.548475 0.5408576 0.5293147
 0.5132173 0.4932544 0.470816 0.4470597 0.4225026 0.3974518 0.3720584 0.346537 0.3215727 0.2982993
 0.2779311 0.2616303 0.2504179 0.2447677 0.2445483 0.2489305 0.2565321 0.2660067 0.2761298 0.28522
 0.291427 0.2936949 0.2926854 0.2906745 0.2904856 0.294725 0.3053324 0.3233129 0.3482284 0.3784601
 0.4121302 0.4475978 0.4836577 0.5195092 0.554048 0.5858976 0.6140221 0.6374818 0.6551902 0.666081
 0.6696123 0.6656346 0.6539752 0.6346821 0.6090732 0.5801617 0.5520603 0.5294046 0.5164073 0.5158058
 0.527995 0.5509689 0.5811902 0.6144161 0.6464405 0.6741908 0.6962585 0.7125654 0.7236069 0.7301574
 0.7333042 0.7349609 0.7337497 0.7289072 0.7190304 0.7030965 0.6819257 0.658417 0.6366963 0.6207392
 0.6128334 0.6126071 0.617067 0.6217932 0.6227082 0.6174474 0.6060942 0.5913205 0.5770453 0.5669037
 0.5636381 0.5686979 0.5819985 0.6016654 0.6247907 0.6485761 0.670572 0.6890514 0.7034888 0.7142563
 0.7217362 0.726211 0.7284223 0.7297453 0.7302535 0.7300896 0.729309 0.7276438 0.7248664 0.7211304
 0.7168812 0.712463 0.7079785 0.7037873 0.7006342 0.6993368 0.7004403 0.7036382 0.7076614 0.7112663
 0.7137374 0.7145965 0.7139651 0.7128193 0.7119924 0.7116475 0.7116429 0.7117852 0.7118707 0.7116887
 0.7109724 0.7092699 0.706575 0.7032582 0.6992021 0.6942772 0.6888154 0.6831443 0.6777468 0.673183
 0.6696326 0.6667489 0.6640137 0.6612104 0.6583787 0.6557614 0.6538446 0.6533578 0.6540743 0.6554019
 0.6575185 0.6604121 0.6634898 0.6662991 0.6690003 0.6715134 0.6737589 0.6765075 0.6803971 0.6853381
 0.6918591 0.6998402 0.7076696 0.7141854 0.7190559 0.7231321 0.7259345 0.7277884 0.728992 0.7299098
 0.730628 0.7310224 0.7306241 0.729518 0.7280428 0.726292 0.7248371 0.7237658 0.7229885 0.7221647
 0.7209221 0.7191258 0.717374 0.7162097 0.7163282 0.7151856 0.7102244 0.7059125 0.7081743 0.7116212
 0.7107194 0.7081177 0.7050393 0.7007708 0.6960328 0.6928769 0.6903219 0.6857004 0.679864 0.6742594
 0.6682221 0.6603845 0.6522841 0.6473989 0.6453744 0.6425956 0.6400695 0.6400208 0.6428984 0.6473448
 0.6414163 0.5837151 0.4982822 0.5125593 0.6104581 0.6605965 0.6584255 0.6506928 0.6460199 0.6431911
 0.6414494 0.6413243 0.644392 0.6509369 0.657268 0.6616107 0.6638293 0.6639497 0.6624594 0.6632257
 0.6671589 0.6697816 0.667819 0.664216 0.6643557 0.6657289 0.662894 0.658417 0.6588777 0.6617611
 0.66176 0.6599084 0.6577439 0.6545742 0.6493984 0.6427262 0.6388355 0.6380579 0.6333797 0.6248784
 0.6235419 0.6307046 0.6338021 0.6308438 0.6270118 0.6245975 0.6229985 0.6206067 0.6232978 0.6282564
 0.6265865 0.6239911 0.6278609 0.6344705 0.6395696 0.6435338 0.6462049 0.6478779 0.6494301 0.6497105
 0.6482662 0.6469908 0.6494117 0.6565008 0.6611821 0.6581256 0.6490746 0.6377236 0.6261195 0.6125379
 0.5926924 0.5681647 0.5596501 0.5722668 0.5784215 0.5718976 0.5776694 0.6032619 0.6266096 0.634716
 0.633531 0.6332192 0.6335185 0.6338545 0.6525142 0.6830351 0.6995138 0.7017053 0.6989854 0.7056066
 0.713535 0.7066917 0.6991085 0.7084103 0.7221227 0.7250299 0.712325 0.6835517 0.6739897 0.7006558
 0.7297221 0.7476705 0.7510658 0.7287781 0.6782433 0.6422434 0.6610931 0.688448 0.6963088 0.7145349
 0.7140423 0.7021615 0.698154 0.7195588 0.7455517 0.7483102 0.7529309 0.7722613 0.7901887 0.8013663
 0.7911671 0.7612717 0.716103 0.634573 0.6090683 0.7330058 0.8786888 0.9392685 0.9623965 0.981236
 0.9976023 1 1.063595 1.02311 1</values></Ydata></ScSm><ScRf><Ydata ylabel="Single channel"><values byteorder="INTEL" format="FLOAT32" numvalues="1761"> 0.9934191 0.9975231 0.9991755 1 0.9977716 0.9932974 0.9906905 0.9899653 0.9925607 0.9979666
 0.9994535 0.9970366 0.996284 0.9958977 0.9900399 0.9824731 0.9816704 0.985425 0.9906794 0.9960715
 0.9927537 0.9809516 0.9770661 0.9821493 0.9856345 0.9836602 0.9672726 0.9381189 0.925755 0.9342903
 0.9281516 0.926342 0.9568151 0.9826328 0.9718869 0.9258126 0.8899188 0.9057733 0.928147 0.9135053
 0.9024398 0.9052025 0.884314 0.8687809 0.9065266 0.9653639 0.9917029 0.9752905 0.8975732 0.7760966
 0.6969514 0.6960459 0.7595493 0.8580787 0.8978521 0.8453904 0.8189011 0.8379992 0.804647 0.7719458
 0.7763082 0.7810494 0.8318532 0.8604566 0.8069888 0.7357829 0.690763 0.7121665 0.7399895 0.7351977
 0.7748884 0.8358809 0.8105107 0.6602604 0.5162903 0.5629403 0.7479079 0.8727467 0.8663853 0.7903503
 0.7070262 0.6340314 0.6177074 0.6743714 0.7381691 0.7853322 0.8198202 0.8224009 0.7949979 0.7109406
 0.6304858 0.6444455 0.676275 0.7332897 0.8432913 0.8833061 0.8082308 0.7343366 0.708603 0.6561429
 0.6443608 0.7092875 0.769217 0.8352211 0.8948614 0.9101778 0.8938233 0.8617225 0.8425125 0.82585
 0.794428 0.8073262 0.8598304 0.8661298 0.802365 0.7408261 0.7356355 0.7575231 0.7803807 0.7605789
 0.7067628 0.6932557 0.6773586 0.5824121 0.4794098 0.4743775 0.4972496 0.4763836 0.5146321 0.6065871
 0.6062771 0.5168787 0.4646594 0.5104898 0.609141 0.6666207 0.6527181 0.631074 0.6396831 0.6718969
 0.714168 0.725285 0.6607711 0.5637965 0.5515437 0.6351244 0.7133462 0.7146929 0.6836584 0.7010205
 0.7402884 0.7452135 0.6986216 0.6028838 0.528296 0.5639516 0.6719432 0.7385007 0.7248124 0.6517189
 0.5383929 0.4711668 0.5013809 0.5237408 0.5483584 0.6497523 0.7443647 0.7733819 0.7647495 0.7209651
 0.662895 0.6436244 0.59901 0.4854603 0.4329068 0.516804 0.6459426 0.7182259 0.7360556 0.736715
 0.722017 0.6899357 0.6273694 0.5304597 0.5055125 0.6020727 0.6832651 0.6581619 0.5878354 0.5716649
 0.5958982 0.5995446 0.5966339 0.5960023 0.6144707 0.669727 0.7054515 0.6936688 0.6778044 0.6685681
 0.6598123 0.6718313 0.6741617 0.6222897 0.5903527 0.6453053 0.7156442 0.7413937 0.7440439 0.7463379
 0.7511471 0.7503811 0.709895 0.6245017 0.5824304 0.6336433 0.7029367 0.7377478 0.7573435 0.7646843
 0.7492598 0.734198 0.7341405 0.7191876 0.6984764 0.7147078 0.7544668 0.7762344 0.7723786 0.7683149
 0.7736183 0.766875 0.7432457 0.725445 0.7219663 0.7293009 0.7492498 0.769835 0.7799945 0.7831393
 0.7770675 0.7615039 0.7537112 0.7568108 0.7477385 0.7363914 0.7487751 0.7663119 0.7702883 0.7728021
 0.7781686 0.7765731 0.7697569 0.7676111 0.765017 0.7577824 0.760282 0.7719406 0.7764053 0.7757764
 0.7778149 0.7791075 0.7770064 0.7745193 0.7718571 0.7701461 0.7732781 0.7779199 0.7805002 0.7820966
 0.7808167 0.7694535 0.7544622 0.7542078 0.7638471 0.7716054 0.7783296 0.7826803 0.784072 0.7835226
 0.7826707 0.7835054 0.7848815 0.783247 0.775945 0.7703962 0.7757193 0.7852303 0.789551 0.7904887
 0.7912183 0.7917147 0.7913427 0.7901978 0.7898077 0.7894359 0.7872871 0.7855623 0.7847052 0.7856386
 0.7903394 0.7928674 0.7906643 0.789844 0.7925175 0.7949577 0.7958022 0.7962233 0.7965099 0.7962238
 0.7940159 0.7903123 0.7880458 0.7883334 0.789729 0.7910681 0.791231 0.7914978 0.7935736 0.7955201
 0.795955 0.7956162 0.7952091 0.7946381 0.7936362 0.791231 0.788285 0.7882802 0.7907957 0.791877
 0.7906556 0.7893404 0.7893003 0.7901015 0.7905998 0.790366 0.7892475 0.7870665 0.7846305 0.7829694
 0.783789 0.7867976 0.7883173 0.7876105 0.7860789 0.7847605 0.7840713 0.7825547 0.7809867 0.7812571
 0.7822839 0.7821956 0.7811694 0.7803377 0.7787956 0.7756356 0.7730166 0.7737271 0.7769997 0.7789885
 0.7782564 0.7768797 0.7761685 0.7753961 0.7741618 0.7723929 0.7710398 0.7721294 0.7742853 0.7738347
 0.7703278 0.7682365 0.7698217 0.7714264 0.771336 0.7711874 0.771309 0.7707511 0.7697759 0.7697767
 0.7711269 0.7719259 0.7703199 0.7686445 0.7690921 0.7692558 0.7689497 0.7696178 0.7709951 0.7737063
 0.7761761 0.7767628 0.7758125 0.7736105 0.7729918 0.7758322 0.7791002 0.7807446 0.7812665 0.7805152
 0.7799723 0.7810912 0.7811441 0.7796479 0.7809587 0.7846377 0.7868875 0.7876403 0.7882402 0.7891612
 0.7902284 0.7912068 0.7920914 0.7930472 0.7941588 0.7952897 0.7961463 0.7968261 0.7976379 0.7983888
 0.7989747 0.7999828 0.8015141 0.8023701 0.8010486 0.7991298 0.800557 0.8031363 0.8030607 0.8019067
 0.8013052 0.8019667 0.8030174 0.803435 0.8050792 0.8082278 0.8108334 0.812359 0.8134738 0.813428
 0.8115012 0.8107781 0.812393 0.8135597 0.8157282 0.8201001 0.8233703 0.8245014 0.8250816 0.8250554
 0.8235736 0.8224888 0.824346 0.8280837 0.8308281 0.8318114 0.8311975 0.8287498 0.8267114 0.8283393
 0.8322393 0.8340015 0.8332558 0.8340536 0.8373598 0.8390929 0.8387054 0.8399202 0.8427979 0.8448636
 0.8457711 0.845969 0.8451186 0.8429027 0.840111 0.8404028 0.8448672 0.8487926 0.8506929 0.8525808
 0.8543556 0.8548459 0.853753 0.8520692 0.8514081 0.8531809 0.8560619 0.8572216 0.8573619 0.8585933
 0.8602199 0.8607991 0.8603907 0.8603834 0.8614194 0.8619556 0.8617266 0.8617532 0.8613001 0.8598971
 0.858422 0.8569608 0.8548788 0.852294 0.8496142 0.8466885 0.8436779 0.8416643 0.8415231 0.8432879
 0.8464862 0.8503147 0.8543235 0.8583958 0.8619567 0.8645346 0.8663562 0.8676151 0.8680799 0.8677211
 0.8669764 0.8660919 0.8652857 0.8651681 0.8656765 0.8661619 0.8667917 0.8680422 0.8698466 0.8720623
 0.8745393 0.8771282 0.8796662 0.881815 0.8834341 0.8847547 0.886189 0.8878983 0.8897291 0.8915695
 0.8933137 0.894779 0.8960074 0.897211 0.8984829 0.8997137 0.9006477 0.9013201 0.9020325 0.902873
 0.9037944 0.9048693 0.9059221 0.9066422 0.9072228 0.9078799 0.9084132 0.9087399 0.9090875 0.9095538
 0.9102072 0.9112608 0.912668 0.9144507 0.9168346 0.9195165 0.9219665 0.9240973 0.9260635 0.9277154
 0.9289197 0.9299111 0.9307122 0.9313547 0.9320537 0.9328234 0.9335439 0.9341715 0.9348343 0.9355652
 0.93624 0.9369203 0.9377125 0.9384155 0.9388844 0.9393 0.9398158 0.9405232 0.9414104 0.9422059
 0.9427999 0.9433904 0.9440349 0.9445254 0.9448034 0.9450744 0.9454647 0.9458959 0.9462922 0.9467635
 0.9473027 0.9477108 0.947946 0.9481514 0.9484476 0.9487637 0.9490049 0.9492598 0.9496103 0.9500053
 0.9503918 0.9507447 0.9511245 0.9515496 0.9517822 0.9517822 0.9518412 0.9519758 0.9520872 0.9521912
 0.9522827 0.9524896 0.9528857 0.9533064 0.9535307 0.9535402 0.9535373 0.953746 0.9540734 0.9542454
 0.9543282 0.9544763 0.9546613 0.9548212 0.9549386 0.9550838 0.9553598 0.955669 0.9558073 0.9558199
 0.9559199 0.956201 0.9564677 0.9564598 0.9563698 0.9565854 0.9569513 0.957039 0.9570527 0.9568946
 0.9567402 0.9565225 0.9558002 0.9538326 0.9497449 0.9429277 0.9334627 0.9219757 0.9091928 0.8955668
 0.8812687 0.8666136 0.8519328 0.8372766 0.8226345 0.8081654 0.7940511 0.7802309 0.7666636 0.7535753
 0.741035 0.7287826 0.7167885 0.7052245 0.6940511 0.683322 0.6732073 0.6636245 0.6542872 0.6450452
 0.6361434 0.6278442 0.6199602 0.6122655 0.6049067 0.5979982 0.5914403 0.585166 0.579175 0.5735051
 0.5680709 0.5627713 0.5577511 0.5530798 0.5485171 0.5440548 0.5399017 0.5359558 0.5322352 0.5288615
 0.5256974 0.5226828 0.5198633 0.5171797 0.5145836 0.51208 0.5097244 0.5076121 0.5056424 0.5037543
 0.5020559 0.5005185 0.4990281 0.4976324 0.4964099 0.4952955 0.4942673 0.4933462 0.4925397 0.491863
 0.491251 0.4906634 0.4901616 0.4896953 0.4892575 0.4889388 0.4887366 0.488636 0.4886363 0.4887506
 0.4889254 0.4890262 0.4890228 0.4890298 0.4891172 0.4891931 0.4892022 0.489304 0.489544 0.4898038
 0.4900808 0.4904409 0.490966 0.4916508 0.4924283 0.4932675 0.4941658 0.4951192 0.4960086 0.4967468
 0.497462 0.4981498 0.4985251 0.4984343 0.4979478 0.4970448 0.4957438 0.4943567 0.4932224 0.4924262
 0.4919105 0.4916839 0.4917869 0.4922363 0.4930016 0.4940749 0.4953883 0.4968605 0.498554 0.5005223
 0.5027345 0.5051582 0.5077806 0.510612 0.5136304 0.5166425 0.5195597 0.5223734 0.5252283 0.528792
 0.5336965 0.5394223 0.5450657 0.550671 0.5565045 0.5624756 0.5683111 0.5735669 0.5771129 0.5767512
 0.5690861 0.5506892 0.520425 0.4809366 0.4375068 0.3950949 0.3567115 0.323703 0.2969644 0.2769003
 0.2636579 0.2573852 0.2586081 0.2690876 0.2918682 0.3318546 0.3907373 0.4413555 0.4393144 0.3950948
 0.3592917 0.3468619 0.3462912 0.3506733 0.3563008 0.360355 0.3650269 0.3751901 0.3862127 0.3878969
 0.3826424 0.3823026 0.3905804 0.4016225 0.4094849 0.4146466 0.4205733 0.4275707 0.4338801 0.4380557
 0.4394846 0.4384011 0.4354602 0.4309201 0.4247891 0.4169599 0.4074706 0.3967223 0.3850854 0.372809
 0.3602368 0.3481154 0.3371234 0.3273998 0.3186659 0.3105987 0.3031006 0.296354 0.2905747 0.285612
 0.2808403 0.2756279 0.2701218 0.2652651 0.2614931 0.2581177 0.2545596 0.2508047 0.2469426 0.2429787
 0.238874 0.2346395 0.230433 0.2264332 0.222522 0.2186125 0.21482 0.2113029 0.2080167 0.2047658
 0.2015527 0.1984621 0.1955801 0.1929095 0.1903303 0.1877605 0.1852067 0.1826401 0.1800724 0.1775033
 0.174835 0.1720227 0.1690503 0.1659239 0.1626372 0.1590564 0.1551486 0.1512379 0.1479261 0.1458961
 0.1447798 0.1436155 0.1425588 0.1416657 0.1398648 0.1362163 0.130843 0.1245092 0.1177057 0.1119575
 0.1113938 0.1178543 0.1275398 0.1364064 0.143596 0.1499261 0.1563432 0.1632067 0.1702451 0.1771507
 0.184058 0.1920502 0.2025658 0.2149565 0.2268468 0.2369152 0.2451868 0.2518536 0.2570349 0.2607509
 0.2627722 0.2629236 0.2617628 0.2601092 0.2583582 0.2566976 0.2550726 0.2533551 0.2514182 0.2493903
 0.2481452 0.2488706 0.2509753 0.2522767 0.2521534 0.2510727 0.2488437 0.2452799 0.2406463 0.235543
 0.2306062 0.2259795 0.2216118 0.2174898 0.2131055 0.2082517 0.204438 0.2022191 0.1997398 0.1961337
 0.1917394 0.1864834 0.1786509 0.1678943 0.1581465 0.1516538 0.1466502 0.1418917 0.1375796 0.1332084
 0.1287502 0.125536 0.1240971 0.1236918 0.123697 0.1240177 0.1245715 0.1249357 0.1244657 0.1243187
 0.1261042 0.1284836 0.1295909 0.1302263 0.1326021 0.1374612 0.1429694 0.1472231 0.1500478 0.1513171
 0.1495254 0.1458688 0.1448512 0.1460302 0.1461628 0.1442131 0.1395829 0.1328591 0.1272198 0.1259124
 0.1282088 0.1315267 0.1336358 0.1349332 0.1389645 0.1456244 0.1518463 0.1583233 0.1658599 0.1730281
 0.1797138 0.1860866 0.1915246 0.1951968 0.195806 0.1958232 0.2036369 0.2176713 0.2283428 0.2350638
 0.2412918 0.2482686 0.2554618 0.260421 0.2600495 0.2599847 0.263035 0.2643877 0.2729784 0.2891839
 0.2970421 0.2966439 0.3000642 0.3097634 0.3190492 0.3255674 0.3309371 0.333039 0.3323349 0.3348298
 0.3355605 0.3326227 0.3413199 0.3574789 0.3679451 0.3749817 0.3807869 0.386032 0.3909689 0.3901359
 0.3705384 0.3439068 0.3490197 0.3838901 0.4107082 0.4202508 0.4252583 0.4321004 0.4396387 0.4451666
 0.4453297 0.4349893 0.4088808 0.3838164 0.4019597 0.4484423 0.4726291 0.4795373 0.4847754 0.4682328
 0.4379081 0.4369183 0.4544716 0.4745962 0.5074874 0.5331091 0.5455094 0.5605239 0.5684342 0.5599152
 0.5616096 0.5850022 0.6023914 0.5899309 0.5617643 0.5576944 0.5769408 0.5698617 0.5268395 0.5219309
 0.5834443 0.6299911 0.6297033 0.6216686 0.6179002 0.6257928 0.6287875 0.5812516 0.5131572 0.5100681
 0.5684602 0.6324143 0.6588845 0.6341917 0.6241161 0.6391148 0.6494634 0.6513326 0.6032147 0.5416942
 0.546164 0.5920415 0.6196808 0.6144597 0.6052256 0.6062844 0.5538961 0.4889708 0.5343738 0.637688
 0.7145591 0.7470003 0.7413307 0.7002611 0.5896803 0.4847644 0.5051937 0.6149059 0.7026266 0.712428
 0.6566538 0.6054323 0.5568992 0.4700813 0.4302363 0.4655317 0.5512708 0.671004 0.7189789 0.6818532
 0.5823743 0.4708152 0.4956767 0.6247113 0.6904011 0.6559811 0.6226122 0.6163689 0.5920489 0.626898
 0.7141597 0.7249075 0.7119244 0.759248 0.76867 0.6298843 0.4466192 0.4454779 0.5465235 0.5492486
 0.5749226 0.7038602 0.7902955 0.7525213 0.6257578 0.5630461 0.669269 0.7910356 0.7969753 0.7598489
 0.7256727 0.7126619 0.7489638 0.7353565 0.6731766 0.7176856 0.8197854 0.8501214 0.8414121 0.8504153
 0.8639455 0.869223 0.8791431 0.8865477 0.8778448 0.869559 0.8754035 0.8850862 0.8936569 0.9002761
 0.9010621 0.8949348 0.8510644 0.736613 0.6646689 0.7247547 0.7550524 0.7100064 0.7284383 0.7788404
 0.7584193 0.6066735 0.415724 0.4128576 0.5602316 0.6797165 0.7359725 0.7582353 0.7399658 0.6404801
 0.5007207 0.4036356 0.4493231 0.6013487 0.6638047 0.6694256 0.7238526 0.7287281 0.6642599 0.5977651
 0.5290412 0.5113538 0.5550368 0.6123592 0.6830277 0.70713 0.6186905 0.4710667 0.4508582 0.6261086
 0.777431 0.7639808 0.6946763 0.7098092 0.77653 0.7469979 0.6683685 0.6955453 0.8055542 0.8805069
 0.8923582 0.8715071 0.803469 0.6924877 0.6181785 0.6748404 0.8043057 0.8330348 0.7893409 0.8015389
 0.7804831 0.6322483 0.5381004 0.641044 0.7935171 0.846041 0.8304346 0.8426356 0.8927115 0.9210592
 0.8924093 0.792829 0.7235239 0.7766986 0.8361009 0.8384456 0.85421 0.8643705 0.8384229 0.786781
 0.7086828 0.7002466 0.7980193 0.879824 0.8997254 0.9007172 0.8856153 0.8550733 0.8515227 0.8437771
 0.7931795 0.7497655 0.745335 0.795371 0.8552759 0.8436444 0.8148648 0.8483393 0.8941956 0.9017786
 0.8869651 0.8528845 0.814844 0.8251662 0.8655406 0.8839265 0.8802932 0.842235 0.8050464 0.8321735
 0.883519 0.9035338 0.9067312 0.9117867 0.9138166 0.9154847 0.9193765 0.9118592 0.8724111 0.8246839
 0.8262691 0.8706895 0.9060715 0.9170834 0.9178389 0.9177818 0.9178201 0.9136343 0.9003741 0.884178
 0.8816811 0.8885411 0.8942704 0.9037023 0.9130678 0.9170401 0.9195886 0.9213654 0.921459 0.9200745
 0.918548 0.9188247 0.9186547 0.9150144 0.9106824 0.9112523 0.9151644 0.9164975 0.9160812 0.9157885
 0.9147553 0.9097849 0.9014283 0.8953083 0.8924738 0.8890621 0.884182 0.8795637 0.8803461 0.8891702
 0.8996016 0.9064479 0.9102799 0.9123812 0.9130764 0.9126102 0.9125376 0.9137035 0.9147871 0.9151374
 0.9151566 0.9154165 0.9156554 0.9156779 0.9151036 0.9149103 0.9161918 0.9174896 0.9179629 0.9183996
 0.9181329 0.917114 0.9170744 0.9178092 0.9177437 0.9170978 0.9165718 0.9161392 0.915963 0.9165859
 0.9177433 0.9186373 0.9187456 0.9180765 0.9173159 0.9155207 0.9118892 0.9095941 0.9103068 0.9111348
 0.9113367 0.9118662 0.9116207 0.9101007 0.9081581 0.9064581 0.9048887 0.9030543 0.900903 0.8983045
 0.8949586 0.8915251 0.8892773 0.8882753 0.8875911 0.8865939 0.8852705 0.8835348 0.8813967 0.8794464
 0.8777085 0.8755156 0.872811 0.8697273 0.8662553 0.8626912 0.8591707 0.8556083 0.8519054 0.8480603
 0.8442456 0.8407276 0.8375336 0.8346804 0.8322113 0.8301111 0.828586 0.8276307 0.8270339 0.8265622
 0.826165 0.825946 0.8256992 0.8250235 0.8239179 0.8228932 0.8228054 0.8238009 0.8248461 0.8255841
 0.8263014 0.8268679 0.8274886 0.8286949 0.8302128 0.8315562 0.8326878 0.8335477 0.8341352 0.83449
 0.8346529 0.8347934 0.8352287 0.8361642 0.8374818 0.8387676 0.8396891 0.8401774 0.8405952 0.8413383
 0.8423747 0.8437611 0.8454673 0.847442 0.8498603 0.8529257 0.8568811 0.8619275 0.8677559 0.8738624
 0.8800775 0.886117 0.8915357 0.8960002 0.8994589 0.9022024 0.9043735 0.9058933 0.9070627 0.9082285
 0.909524 0.9108657 0.9120929 0.9132596 0.9142162 0.9145721 0.9140868 0.9131569 0.9124378 0.9119304
 0.9113333 0.9107487 0.910257 0.9096252 0.9086463 0.9073261 0.907769 0.9081389 0.9085026 0.9087606
 0.9088168 0.9086989 0.9083819 0.9078632 0.9072621 0.9064889 0.9053296 0.9038002 0.9019864 0.8999834
 0.8979292 0.895834 0.8935621 0.89102 0.8882179 0.8852954 0.8822057 0.8787438 0.8751099 0.8716279
 0.868098 0.8643946 0.8607584 0.8570687 0.8531555 0.8492334 0.845556 0.8420549 0.8386056 0.8353004
 0.8321654 0.8292224 0.8265605 0.8241678 0.8220696 0.820286 0.8186431 0.8171511 0.8159569 0.814832
 0.8136068 0.8123659 0.8111816 0.8099835 0.8085317 0.8069617 0.8057283 0.8049404 0.8043343 0.8037295
 0.8029061 0.8019203 0.8009706 0.7999876 0.7988604 0.7972657 0.7952479 0.7931088 0.7908952 0.7883475
 0.785363 0.7824848 0.7802855 0.7786435 0.7772832 0.7761416 0.7748244 0.7731034 0.7713877 0.7705451
 0.7714898 0.7745312 0.7787787 0.7839509 0.790641 0.7987135 0.807474 0.815993 0.8236709 0.8304686
 0.8370358 0.8434399 0.8492007 0.8547377 0.8611284 0.8681951 0.874838 0.8807433 0.8857182 0.8896973
 0.8929713 0.8957847 0.8979068 0.899039 0.8993518 0.8997585 0.9002662 0.9002946 0.8998379 0.899152
 0.8988472 0.8992859 0.9003356 0.9011099 0.9022415 0.9030379 0.9039996 0.9057053 0.9079918 0.90847
 0.9039465 0.9004191 0.9051218 0.9112356 0.9124272 0.9118351 0.9102979 0.9072527 0.9037412 0.9016207
 0.8997399 0.8954673 0.8898844 0.8846045 0.8785993 0.8699887 0.8609458 0.8558692 0.8546458 0.8531519
 0.8520536 0.8536511 0.8589582 0.8662392 0.8592146 0.7820233 0.6677067 0.6882859 0.8209898 0.8891513
 0.8876641 0.8791381 0.8748081 0.8725895 0.8704096 0.8691365 0.8726577 0.8823408 0.8919365 0.8976855
 0.9002048 0.900291 0.8980453 0.898424 0.9032773 0.9068447 0.9039162 0.8980178 0.90086 0.905585
 0.9038672 0.8993006 0.9008927 0.905022 0.9051532 0.9032167 0.9010803 0.8977221 0.8917865 0.8836688
 0.8789608 0.8782378 0.8721032 0.8608182 0.8598542 0.8704519 0.8752634 0.8722501 0.8672453 0.8629134
 0.8595837 0.8556308 0.8594818 0.8661425 0.86256 0.8579342 0.8625507 0.8703437 0.8753487 0.8789096
 0.8820399 0.8846316 0.8866611 0.8860978 0.8830739 0.8819517 0.8869265 0.897867 0.9067998 0.9094363
 0.9089829 0.9090942 0.9113528 0.912505 0.9031528 0.8801647 0.8719398 0.8861602 0.8820423 0.8551252
 0.8474925 0.8714623 0.8948794 0.9013719 0.8951482 0.8910342 0.8893739 0.8885608 0.9132125 0.9539774
 0.9756122 0.9760786 0.9718087 0.9799374 0.9889349 0.9784691 0.9675473 0.979881 0.9983136 1
 0.9797669 0.934974 0.915035 0.9461833 0.9834229 1.00663 1.010214 0.9799626 0.9141678 0.8779302
 0.9155526 0.9649689 0.9891354 1 0.9860366 0.958757 0.9421415 0.9587873 0.9821556 0.974076
 0.9662389 0.9768616 0.9842657 0.9809259 0.9513226 0.8994247 0.8326543 0.7256701 0.6812382 0.801037
 0.9423205 0.9909475 0.9982896 1.001454 1.00232 0.9857885 0.9503289 0.8288759 0.7343758 0.8052091
 1</values></Ydata></ScRf><Data_Parameters_TR><parameter name="DPF">1</parameter><parameter name="NPT">1755</parameter><parameter name="FXV">3997.5872863043</parameter><parameter name="LXV">398.117009005664</parameter><parameter name="CSF">1</parameter><parameter name="MXY">1.00000333786011</parameter><parameter name="MNY">0.342561483383179</parameter><parameter name="DAT">01/11/2023</parameter><parameter name="TIM">15:27:14.140 (GMT-3)</parameter><parameter name="DXU">WN</parameter></Data_Parameters_TR><Data_Parameters_ScSm><parameter name="DPF">1</parameter><parameter name="NPT">1755</parameter><parameter name="FXV">3997.5872863043</parameter><parameter name="LXV">398.117009005664</parameter><parameter name="CSF">1</parameter><parameter name="MXY">1.06359505653381</parameter><parameter name="MNY">0.10272291302681</parameter><parameter name="DAT">01/11/2023</parameter><parameter name="TIM">15:27:14.140 (GMT-3)</parameter><parameter name="DXU">WN</parameter></Data_Parameters_ScSm><Data_Parameters_ScRf><parameter name="DPF">1</parameter><parameter name="NPT">1761</parameter><parameter name="FXV">4005.79588442812</parameter><parameter name="LXV">394.012709943749</parameter><parameter name="CSF">1</parameter><parameter name="MXY">1.01021444797516</parameter><parameter name="MNY">0.111393794417381</parameter><parameter name="DAT">01/11/2023</parameter><parameter name="TIM">14:56:29.630 (GMT-3)</parameter><parameter name="DXU">WN</parameter></Data_Parameters_ScRf><Optic_Parameters_><parameter name="ACC">ATR platinum Diamond 1 Refl #39E630232D</parameter><parameter name="APR">0</parameter><parameter name="BMS">KBr</parameter><parameter name="CHN">Sample Compartment</parameter><parameter name="CHX"></parameter><parameter name="CRM">0</parameter><parameter name="DTC">RT-DLATGS [Internal Pos.1]</parameter><parameter name="HPF">1</parameter><parameter name="OPF">Open</parameter><parameter name="PGN">1</parameter><parameter name="PGR">1</parameter><parameter name="RCH">Sample Compartment</parameter><parameter name="RDX">FFFF</parameter><parameter name="SRC">MIR</parameter><parameter name="VEL">7.5</parameter><parameter name="SON">Off</parameter></Optic_Parameters_><FT_-_Parameters_><parameter name="APF">B3</parameter><parameter name="HFQ">400</parameter><parameter name="LFQ">4000</parameter><parameter name="NLI">0</parameter><parameter name="PHR">32</parameter><parameter name="PHZ">PW</parameter><parameter name="SPZ">NO</parameter><parameter name="ZFF">2</parameter></FT_-_Parameters_><Acquisition_Parameters_><parameter name="ADT">0</parameter><parameter name="AQM">DD</parameter><parameter name="COR">44</parameter><parameter name="DEL">0</parameter><parameter name="DLY">5</parameter><parameter name="HFW">14447.639703536</parameter><parameter name="LFW">0</parameter><parameter name="MIN">1</parameter><parameter name="MIR">1</parameter><parameter name="NSS">24</parameter><parameter name="NSR">24</parameter><parameter name="PLF">TR</parameter><parameter name="RES">4</parameter><parameter name="ROS">32</parameter><parameter name="ROR">32</parameter><parameter name="SOT">0</parameter><parameter name="STR">0</parameter><parameter name="TCL">H2Ocomp ([&lt;FILE&gt;:ScSm], [&lt;FILE&gt;:ScRf], {H2O=3});</parameter><parameter name="TDL">37</parameter><parameter name="SPO">0</parameter></Acquisition_Parameters_><Instrument_Parameters_Rf><parameter name="HFL">16811.2089576</parameter><parameter name="LFL">0</parameter><parameter name="LWN">11674.450665</parameter><parameter name="ABP">999804</parameter><parameter name="SSP">1</parameter><parameter name="HUM">14</parameter><parameter name="RSN">106377</parameter><parameter name="SRT">1698861388</parameter><parameter name="DUR">29.9200000762939</parameter><parameter name="TSC">34.0150299072266</parameter><parameter name="MVD">1.24</parameter><parameter name="APG">1</parameter><parameter name="HUA">5.57884073257446</parameter><parameter name="VSN">1.375 Dec 11 2019</parameter><parameter name="SRN">112209</parameter><parameter name="PKA">-3219</parameter><parameter name="PKL">7565</parameter><parameter name="GFW">12</parameter><parameter name="BFW">0</parameter><parameter name="CAM">0</parameter><parameter name="PRA">-3278</parameter><parameter name="PRL">7565</parameter><parameter name="GBW">12</parameter><parameter name="BBW">0</parameter><parameter name="INS">Alpha II</parameter><parameter name="FOC">33</parameter><parameter name="RDY">1</parameter><parameter name="ARS">24</parameter></Instrument_Parameters_Rf><Optic_Parameters_Rf><parameter name="ACC">ATR platinum Diamond 1 Refl #39E630232D</parameter><parameter name="APR">0</parameter><parameter name="BMS">KBr</parameter><parameter name="CHX"></parameter><parameter name="CRM">0</parameter><parameter name="DTC">RT-DLATGS [Internal Pos.1]</parameter><parameter name="HPF">1</parameter><parameter name="OPF">Open</parameter><parameter name="PGR">1</parameter><parameter name="RCH">Sample Compartment</parameter><parameter name="RDX">FFFF</parameter><parameter name="SRC">MIR</parameter><parameter name="VEL">7.5</parameter><parameter name="SON">Off</parameter></Optic_Parameters_Rf><Acquisition_Parameters_Rf><parameter name="ADT">0</parameter><parameter name="AQM">DD</parameter><parameter name="COR">44</parameter><parameter name="DEL">0</parameter><parameter name="DLY">5</parameter><parameter name="HFW">14447.639703536</parameter><parameter name="LFW">0</parameter><parameter name="NSR">24</parameter><parameter name="PLF">TR</parameter><parameter name="RES">4</parameter><parameter name="STR">0</parameter><parameter name="TCL">H2Ocomp ([&lt;FILE&gt;:ScSm], [&lt;FILE&gt;:ScRf], {H2O=3});</parameter><parameter name="TDL">37</parameter><parameter name="RPO">0</parameter></Acquisition_Parameters_Rf><FT_-_Parameters_Rf><parameter name="APF">B3</parameter><parameter name="HFQ">400</parameter><parameter name="LFQ">4000</parameter><parameter name="NLI">0</parameter><parameter name="PHR">32</parameter><parameter name="PHZ">PW</parameter><parameter name="SPZ">NO</parameter><parameter name="ZFF">2</parameter></FT_-_Parameters_Rf><Sample_Parameters_><parameter name="BLD"></parameter><parameter name="CNM">Operador</parameter><parameter name="CPY">Chemyunion</parameter><parameter name="DPM"></parameter><parameter name="EXP">ATR_DI_Sntese.XPM</parameter><parameter name="LCT"></parameter><parameter name="SFM">TCC_PO3G</parameter><parameter name="SNM">PO3G MW_Amostra #1.3</parameter><parameter name="XPP">C:\Users\Public\Documents\Bruker\OPUS_8.7.10\Instruments\ALPHA_II\XPM</parameter><parameter name="IST">OK</parameter><parameter name="CPG">1252</parameter><parameter name="UID">025a0f4c-b575-4d09-b20b-0894b5b30e83</parameter><parameter name="MID">025a0f4c-b575-4d09-b20b-0894b5b30e83</parameter></Sample_Parameters_><Instrument_Parameters_><parameter name="HFL">16811.2089576</parameter><parameter name="LFL">0</parameter><parameter name="LWN">11674.450665</parameter><parameter name="ABP">999804</parameter><parameter name="SSP">1</parameter><parameter name="HUM">14</parameter><parameter name="RSN">3355</parameter><parameter name="SRT">1698863232.99</parameter><parameter name="DUR">29.9000000953674</parameter><parameter name="TSC">34.0444030761719</parameter><parameter name="MVD">1.14666666666667</parameter><parameter name="APG">1</parameter><parameter name="HUA">5.5880126953125</parameter><parameter name="VSN">1.375 Dec 11 2019</parameter><parameter name="SRN">112209</parameter><parameter name="PKA">-2787</parameter><parameter name="PKL">7565</parameter><parameter name="GFW">12</parameter><parameter name="BFW">0</parameter><parameter name="CAM">0</parameter><parameter name="PRA">-2859</parameter><parameter name="PRL">7565</parameter><parameter name="GBW">12</parameter><parameter name="BBW">0</parameter><parameter name="INS">Alpha II</parameter><parameter name="FOC">33</parameter><parameter name="RDY">1</parameter><parameter name="ASS">24</parameter></Instrument_Parameters_><History/></OPUSDataFile>
